0 1.990000 
1 2.390000 
2 4.690000 
3 2.190000 
4 1.590000 
5 3.890000 
6 1.990000 
7 0.990000 
8 0.990000 
9 0.990000 
10 1.990000 
11 1.790000 
12 4.990000 
13 4.990000 
14 5.990000 
15 5.990000 
16 5.990000 
17 5.990000 
18 5.990000 
19 5.990000 
20 0.990000 
21 0.990000 
22 0.990000 
23 0.990000 
24 0.990000 
25 0.990000 
26 0.990000 
27 3.490000 
28 3.490000 
29 6.890000 
30 6.890000 
31 6.890000 
32 6.890000 
33 6.890000 
34 6.890000 
35 6.890000 
36 1.190000 
37 1.190000 
38 1.190000 
39 1.090000 
40 1.090000 
41 1.190000 
42 1.090000 
43 5.990000 
44 5.990000 
45 5.990000 
46 5.990000 
47 5.990000 
48 10.190000 
49 10.190000 
50 10.190000 
51 10.190000 
52 5.290000 
53 5.290000 
54 5.290000 
55 5.290000 
56 5.290000 
57 5.290000 
58 5.290000 
59 5.290000 
60 0.690000 
61 0.690000 
62 6.590000 
63 4.990000 
64 2.750000 
65 2.750000 
66 2.750000 
67 2.750000 
68 3.500000 
69 3.990000 
70 2.490000 
71 1.750000 
72 1.950000 
73 0.990000 
74 1.950000 
75 1.250000 
76 1.990000 
77 1.990000 
78 4.950000 
79 3.500000 
80 3.000000 
81 1.690000 
82 2.990000 
83 1.590000 
84 5.950000 
85 1.500000 
86 1.250000 
87 1.390000 
88 0.990000 
89 0.990000 
90 1.690000 
91 0.990000 
92 0.990000 
93 0.990000 
94 0.990000 
95 3.500000 
96 3.950000 
97 1.590000 
98 4.950000 
99 5.950000 
100 5.950000 
101 5.950000 
102 4.990000 
103 4.950000 
104 1.250000 
105 1.390000 
106 0.990000 
107 1.890000 
108 0.990000 
109 1.590000 
110 4.950000 
111 3.950000 
112 6.990000 
113 1.990000 
114 1.990000 
115 1.990000 
116 1.990000 
117 1.990000 
118 5.990000 
119 6.490000 
120 3.990000 
121 3.990000 
122 2.190000 
123 2.190000 
124 2.190000 
125 2.190000 
126 3.290000 
127 1.990000 
128 1.990000 
129 3.500000 
130 3.990000 
131 4.950000 
132 3.990000 
133 2.990000 
134 4.950000 
135 4.990000 
136 5.990000 
137 4.990000 
138 4.990000 
139 9.990000 
140 3.990000 
141 3.990000 
142 3.990000 
143 3.990000 
144 3.990000 
145 3.990000 
146 1.990000 
147 4.500000 
148 4.990000 
149 7.990000 
150 4.990000 
151 4.990000 
152 4.990000 
153 4.990000 
154 4.990000 
155 5.990000 
156 4.990000 
157 3.980000 
158 4.990000 
159 4.990000 
160 7.950000 
161 2.990000 
162 2.500000 
163 3.500000 
164 5.990000 
165 5.950000 
166 5.990000 
167 5.950000 
168 4.990000 
169 7.990000 
170 5.950000 
171 4.950000 
172 3.990000 
173 3.500000 
174 3.950000 
175 1.950000 
176 2.250000 
177 2.500000 
178 2.750000 
179 1.500000 
180 1.650000 
181 1.790000 
182 1.990000 
183 2.490000 
184 3.990000 
185 1.990000 
186 2.290000 
187 2.990000 
188 1.990000 
189 1.990000 
190 2.950000 
191 1.290000 
192 1.290000 
193 1.290000 
194 1.290000 
195 1.290000 
196 1.290000 
197 1.290000 
198 1.290000 
199 1.290000 
200 1.290000 
201 1.290000 
202 1.790000 
203 1.790000 
204 1.790000 
205 1.790000 
206 1.790000 
207 1.790000 
208 1.790000 
209 1.790000 
210 1.790000 
211 1.790000 
212 1.990000 
213 1.790000 
214 1.190000 
215 0.890000 
216 1.190000 
217 0.890000 
218 1.290000 
219 1.290000 
220 1.290000 
221 1.190000 
222 1.790000 
223 2.590000 
224 2.890000 
225 2.790000 
226 2.990000 
227 1.190000 
228 1.290000 
229 1.290000 
230 1.290000 
231 1.290000 
232 1.290000 
233 1.290000 
234 0.890000 
235 0.890000 
236 1.790000 
237 1.850000 
238 2.350000 
239 3.500000 
240 14.950000 
241 1.600000 
242 4.950000 
243 1.790000 
244 1.190000 
245 1.190000 
246 1.190000 
247 1.190000 
248 0.890000 
249 0.890000 
250 1.290000 
251 1.290000 
252 1.290000 
253 1.290000 
254 1.290000 
255 0.890000 
256 1.990000 
257 1.990000 
258 1.990000 
259 2.990000 
260 3.990000 
261 2.490000 
262 2.490000 
263 1.290000 
264 0.890000 
265 1.790000 
266 1.790000 
267 1.790000 
268 0.990000 
269 0.990000 
270 0.990000 
271 0.890000 
272 1.190000 
273 1.190000 
274 1.190000 
275 1.190000 
276 1.190000 
277 0.890000 
278 0.890000 
279 1.790000 
280 1.790000 
281 1.790000 
282 1.290000 
283 1.290000 
284 1.290000 
285 1.290000 
286 1.290000 
287 1.190000 
288 1.790000 
289 1.790000 
290 6.950000 
291 5.950000 
292 3.990000 
293 9.990000 
294 4.950000 
295 4.990000 
296 4.990000 
297 3.990000 
298 4.950000 
299 5.990000 
300 3.990000 
301 3.950000 
302 3.990000 
303 4.950000 
304 3.990000 
305 3.990000 
306 3.990000 
307 3.990000 
308 4.990000 
309 4.990000 
310 4.500000 
311 7.990000 
312 3.990000 
313 4.990000 
314 4.990000 
315 3.990000 
316 3.990000 
317 4.990000 
318 5.950000 
319 3.500000 
320 3.990000 
321 4.990000 
322 3.990000 
323 2.950000 
324 4.950000 
325 4.990000 
326 4.950000 
327 3.950000 
328 4.950000 
329 2.990000 
330 3.990000 
331 5.950000 
332 8.950000 
333 4.990000 
334 9.990000 
335 3.950000 
336 3.950000 
337 3.990000 
338 4.990000 
339 4.990000 
340 4.990000 
341 4.990000 
342 4.990000 
343 4.990000 
344 3.500000 
345 5.990000 
346 12.990000 
347 3.990000 
348 3.950000 
349 4.990000 
350 2.950000 
351 3.950000 
352 5.950000 
353 5.000000 
354 6.950000 
355 7.990000 
356 2.950000 
357 3.990000 
358 3.990000 
359 2.950000 
360 14.990000 
361 14.990000 
362 4.950000 
363 2.500000 
364 2.990000 
365 4.500000 
366 4.500000 
367 9.950000 
368 5.950000 
369 3.500000 
370 3.990000 
371 5.950000 
372 4.990000 
373 4.950000 
374 3.500000 
375 5.990000 
376 6.990000 
377 6.990000 
378 6.990000 
379 4.990000 
380 4.500000 
381 4.990000 
382 4.990000 
383 5.950000 
384 6.950000 
385 5.950000 
386 2.990000 
387 2.990000 
388 6.950000 
389 4.990000 
390 4.990000 
391 3.990000 
392 4.990000 
393 5.990000 
394 4.990000 
395 2.990000 
396 4.990000 
397 2.990000 
398 2.990000 
399 2.990000 
400 2.990000 
401 2.790000 
402 2.790000 
403 3.490000 
404 5.990000 
405 4.690000 
406 9.990000 
407 6.990000 
408 2.290000 
409 5.990000 
410 5.990000 
411 4.690000 
412 4.990000 
413 6.990000 
414 2.190000 
415 2.190000 
416 1.790000 
417 1.790000 
418 1.790000 
419 4.290000 
420 0.650000 
421 0.650000 
422 0.650000 
423 3.290000 
424 4.990000 
425 0.890000 
426 3.990000 
427 5.990000 
428 2.990000 
429 2.690000 
430 2.190000 
431 1.590000 
432 1.190000 
433 0.990000 
434 0.790000 
435 0.790000 
436 1.590000 
437 0.790000 
438 2.890000 
439 1.990000 
440 1.990000 
441 2.490000 
442 2.490000 
443 2.490000 
444 4.090000 
445 5.990000 
446 10.290000 
447 6.890000 
448 7.190000 
449 8.990000 
450 8.990000 
451 8.990000 
452 5.890000 
453 6.190000 
454 3.490000 
455 3.490000 
456 4.690000 
457 3.690000 
458 5.890000 
459 2.690000 
460 26.990000 
461 24.990000 
462 3.990000 
463 2.490000 
464 2.490000 
465 3.290000 
466 1.890000 
467 2.690000 
468 1.990000 
469 1.490000 
470 3.490000 
471 0.990000 
472 1.290000 
473 1.500000 
474 0.490000 
475 0.500000 
476 0.490000 
477 2.990000 
478 3.290000 
479 1.500000 
480 1.500000 
481 1.500000 
482 1.500000 
483 1.500000 
484 0.500000 
485 2.290000 
486 2.290000 
487 2.000000 
488 2.990000 
489 2.190000 
490 1.500000 
491 1.100000 
492 1.390000 
493 1.390000 
494 1.390000 
495 1.250000 
496 1.250000 
497 1.250000 
498 1.250000 
499 1.390000 
500 1.390000 
501 1.390000 
502 1.390000 
503 0.590000 
504 0.500000 
505 0.500000 
506 0.890000 
507 0.500000 
508 1.790000 
509 2.950000 
510 3.290000 
511 7.490000 
512 3.190000 
513 2.390000 
514 3.890000 
515 2.490000 
516 3.990000 
517 1.990000 
518 2.500000 
519 0.990000 
520 0.990000 
521 0.990000 
522 0.990000 
523 0.590000 
524 3.490000 
525 1.990000 
526 2.690000 
527 3.690000 
528 3.690000 
529 3.190000 
530 3.690000 
531 2.990000 
532 3.790000 
533 3.790000 
534 3.790000 
535 3.790000 
536 30.990000 
537 30.990000 
538 30.990000 
539 30.990000 
540 2.890000 
541 2.890000 
542 2.890000 
543 2.890000 
544 2.890000 
545 4.990000 
546 4.990000 
547 2.890000 
548 3.190000 
549 4.990000 
550 4.690000 
551 3.190000 
552 3.190000 
553 4.590000 
554 4.390000 
555 3.390000 
556 4.690000 
557 2.290000 
558 4.990000 
559 4.990000 
560 7.990000 
561 5.290000 
562 5.290000 
563 4.990000 
564 4.990000 
565 11.990000 
566 13.990000 
567 13.990000 
568 8.990000 
569 2.490000 
570 5.690000 
571 2.490000 
572 18.990000 
573 18.990000 
574 5.290000 
575 4.990000 
576 5.290000 
577 10.290000 
578 10.290000 
579 11.990000 
580 10.890000 
581 11.490000 
582 16.490000 
583 3.390000 
584 3.390000 
585 3.990000 
586 4.990000 
587 9.490000 
588 9.490000 
589 19.990000 
590 13.490000 
591 13.490000 
592 19.990000 
593 19.990000 
594 19.990000 
595 5.590000 
596 7.790000 
597 7.790000 
598 6.190000 
599 6.190000 
600 6.190000 
601 3.690000 
602 3.690000 
603 5.590000 
604 13.490000 
605 13.490000 
606 4.990000 
607 13.490000 
608 13.490000 
609 13.490000 
610 9.990000 
611 5.890000 
612 11.990000 
613 11.990000 
614 5.290000 
615 2.990000 
616 5.490000 
617 5.490000 
618 2.890000 
619 2.890000 
620 2.390000 
621 0.440000 
622 0.445000 
623 5.990000 
624 5.990000 
625 5.990000 
626 2.290000 
627 3.990000 
628 5.990000 
629 3.990000 
630 3.990000 
631 3.990000 
632 3.990000 
633 3.990000 
634 3.990000 
635 6.990000 
636 6.990000 
637 9.990000 
638 9.990000 
639 6.990000 
640 3.490000 
641 12.990000 
642 12.990000 
643 12.990000 
644 12.990000 
645 9.990000 
646 9.990000 
647 9.990000 
648 6.990000 
649 6.990000 
650 6.990000 
651 8.990000 
652 13.990000 
653 5.990000 
654 5.990000 
655 5.990000 
656 1.490000 
657 1.690000 
658 1.990000 
659 1.190000 
660 2.490000 
661 2.490000 
662 2.490000 
663 2.490000 
664 2.490000 
665 2.490000 
666 1.990000 
667 1.990000 
668 1.990000 
669 1.990000 
670 1.400000 
671 2.790000 
672 1.490000 
673 1.490000 
674 1.490000 
675 2.500000 
676 2.500000 
677 1.790000 
678 1.790000 
679 1.790000 
680 2.500000 
681 2.390000 
682 1.990000 
683 1.990000 
684 0.990000 
685 1.490000 
686 1.390000 
687 2.690000 
688 2.690000 
689 1.990000 
690 2.500000 
691 2.490000 
692 2.490000 
693 1.500000 
694 1.500000 
695 1.990000 
696 2.490000 
697 1.790000 
698 2.490000 
699 1.990000 
700 1.990000 
701 1.990000 
702 1.590000 
703 1.890000 
704 1.890000 
705 1.890000 
706 2.390000 
707 2.990000 
708 2.990000 
709 2.990000 
710 2.990000 
711 2.990000 
712 2.990000 
713 1.790000 
714 1.990000 
715 1.990000 
716 1.990000 
717 1.990000 
718 1.590000 
719 1.990000 
720 1.990000 
721 2.090000 
722 1.990000 
723 2.490000 
724 2.490000 
725 2.500000 
726 1.990000 
727 2.590000 
728 2.490000 
729 1.590000 
730 1.590000 
731 1.590000 
732 1.990000 
733 2.490000 
734 2.490000 
735 2.490000 
736 2.490000 
737 1.990000 
738 1.990000 
739 1.990000 
740 1.990000 
741 2.490000 
742 1.990000 
743 1.790000 
744 1.490000 
745 2.990000 
746 1.790000 
747 1.490000 
748 1.790000 
749 2.490000 
750 2.500000 
751 1.990000 
752 1.990000 
753 1.490000 
754 1.490000 
755 2.490000 
756 1.490000 
757 1.390000 
758 1.390000 
759 1.390000 
760 1.390000 
761 1.490000 
762 1.990000 
763 1.490000 
764 2.190000 
765 1.590000 
766 1.590000 
767 1.590000 
768 0.990000 
769 1.390000 
770 1.390000 
771 1.890000 
772 1.890000 
773 1.990000 
774 0.990000 
775 1.390000 
776 1.990000 
777 1.490000 
778 1.890000 
779 1.890000 
780 1.890000 
781 1.890000 
782 1.890000 
783 2.590000 
784 1.490000 
785 1.990000 
786 1.990000 
787 2.790000 
788 2.490000 
789 2.490000 
790 1.590000 
791 1.590000 
792 1.590000 
793 1.590000 
794 1.090000 
795 2.490000 
796 2.990000 
797 2.990000 
798 2.990000 
799 2.490000 
800 2.990000 
801 1.990000 
802 1.990000 
803 6.490000 
804 6.490000 
805 6.490000 
806 6.490000 
807 6.490000 
808 6.490000 
809 6.490000 
810 6.490000 
811 3.990000 
812 2.690000 
813 2.690000 
814 6.490000 
815 8.990000 
816 8.990000 
817 8.990000 
818 8.990000 
819 8.990000 
820 8.990000 
821 6.490000 
822 0.790000 
823 0.990000 
824 1.090000 
825 1.090000 
826 2.290000 
827 2.290000 
828 2.290000 
829 2.290000 
830 3.490000 
831 3.490000 
832 2.990000 
833 3.990000 
834 3.990000 
835 3.990000 
836 5.990000 
837 0.500000 
838 0.790000 
839 0.790000 
840 0.690000 
841 0.890000 
842 0.790000 
843 0.790000 
844 0.790000 
845 6.990000 
846 1.390000 
847 6.390000 
848 4.990000 
849 1.290000 
850 1.290000 
851 2.990000 
852 2.390000 
853 4.490000 
854 7.290000 
855 9.990000 
856 4.990000 
857 3.290000 
858 1.500000 
859 7.290000 
860 3.990000 
861 5.590000 
862 3.690000 
863 3.990000 
864 7.290000 
865 7.290000 
866 2.990000 
867 3.790000 
868 2.990000 
869 2.090000 
870 9.990000 
871 5.590000 
872 4.990000 
873 4.190000 
874 4.190000 
875 1.990000 
876 1.990000 
877 4.890000 
878 7.990000 
879 1.590000 
880 1.590000 
881 3.990000 
882 4.290000 
883 3.090000 
884 3.090000 
885 3.090000 
886 3.090000 
887 3.090000 
888 3.090000 
889 3.090000 
890 3.090000 
891 3.090000 
892 3.090000 
893 3.090000 
894 3.090000 
895 3.090000 
896 3.990000 
897 3.990000 
898 3.990000 
899 3.990000 
900 3.990000 
901 3.990000 
902 3.990000 
903 3.990000 
904 3.990000 
905 3.590000 
906 3.590000 
907 3.590000 
908 3.590000 
909 3.590000 
910 3.590000 
911 3.590000 
912 3.590000 
913 3.590000 
914 3.590000 
915 3.590000 
916 3.590000 
917 3.590000 
918 2.590000 
919 2.590000 
920 2.590000 
921 2.590000 
922 2.590000 
923 2.590000 
924 2.590000 
925 2.590000 
926 2.590000 
927 1.990000 
928 1.990000 
929 1.990000 
930 1.990000 
931 1.990000 
932 1.990000 
933 1.990000 
934 1.990000 
935 1.990000 
936 1.990000 
937 1.990000 
938 1.990000 
939 1.790000 
940 1.790000 
941 1.790000 
942 1.790000 
943 1.790000 
944 1.790000 
945 1.790000 
946 1.790000 
947 1.790000 
948 4.490000 
949 4.490000 
950 4.490000 
951 4.490000 
952 4.490000 
953 4.490000 
954 4.490000 
955 4.490000 
956 2.690000 
957 2.690000 
958 2.690000 
959 2.490000 
960 2.490000 
961 10.190000 
962 15.990000 
963 29.990000 
964 15.990000 
965 29.990000 
966 1.190000 
967 1.190000 
968 2.190000 
969 1.490000 
970 1.000000 
971 1.990000 
972 1.500000 
973 1.490000 
974 18.990000 
975 17.990000 
976 7.990000 
977 1.750000 
978 8.990000 
979 4.500000 
980 3.990000 
981 3.490000 
982 5.990000 
983 4.990000 
984 10.990000 
985 7.990000 
986 5.990000 
987 9.990000 
988 3.990000 
989 4.990000 
990 5.990000 
991 4.990000 
992 4.290000 
993 4.990000 
994 6.990000 
995 5.490000 
996 6.990000 
997 10.990000 
998 3.990000 
999 7.990000 
