1 2.127 
2 6.427 
3 3.869 
4 4.839 
5 5.903 
6 5.694 
7 6.472 
8 5.089 
9 2.151 
10 5.643 
11 1.168 
12 6.347 
13 5.735 
14 5.627 
15 7.387 
16 2.016 
17 3.699 
18 2.055 
19 5.624 
20 6.865 
21 3.541 
22 6.636 
23 1.938 
24 0.247 
25 4.989 
26 6.109 
27 3.055 
28 8.168 
29 1.168 
30 3.086 
31 4.381 
32 2.581 
33 0.884 
34 0.340 
35 0.803 
36 5.548 
37 2.039 
38 2.498 
39 3.060 
40 2.302 
41 5.787 
42 3.207 
43 0.805 
44 2.898 
45 3.332 
46 1.021 
47 4.621 
48 0.317 
49 3.208 
50 5.769 
51 3.699 
52 6.899 
53 6.900 
54 5.395 
55 1.334 
56 4.886 
57 1.966 
58 2.132 
59 0.218 
60 7.596 
61 2.130 
62 5.821 
63 5.013 
64 1.503 
65 0.840 
66 1.180 
67 3.279 
68 2.197 
69 6.870 
70 5.564 
71 6.765 
72 0.334 
73 4.665 
74 6.763 
75 8.196 
76 6.111 
77 3.394 
78 3.182 
79 0.298 
80 3.930 
81 1.532 
82 1.835 
83 4.533 
84 0.822 
85 9.007 
86 5.004 
87 1.529 
88 2.029 
89 0.186 
90 0.929 
91 1.460 
92 5.177 
93 2.205 
94 3.963 
95 1.913 
96 6.901 
97 2.911 
98 3.203 
99 4.641 
100 6.421 
101 5.464 
102 5.245 
103 5.965 
104 1.397 
105 2.331 
106 3.681 
107 6.475 
108 2.664 
109 3.609 
110 2.652 
111 3.629 
112 3.102 
113 3.129 
114 1.131 
115 4.687 
116 9.649 
117 2.633 
118 1.629 
119 2.428 
