0 7.431683540
1 6.796039581
2 1.463366508
3 0.996040344
4 3.886138916
5 8.875247955
6 8.889108658
7 1.896039963
8 8.120792389
9 5.032673359
10 7.049505234
11 9.517822266
12 7.048514843
13 5.281188011
14 7.141584396
15 7.680198193
16 1.751485825
17 6.090099335
18 6.762376308
19 2.734653950
20 7.350495338
21 6.057425976
22 5.870297432
23 9.327722549
24 4.223762512
25 3.500000000
26 4.604950905
27 8.618811607
28 2.637624264
29 9.282177925
30 8.445545197
31 7.725742340
32 7.797029495
33 4.345544815
34 2.588119030
35 4.341584206
36 0.851485252
37 0.157426834
38 2.478218079
39 6.902970314
40 0.913861275
41 2.704950809
42 4.866337299
43 2.150495529
44 0.969306946
45 7.597029686
46 2.367327213
47 5.076237679
48 5.436634064
49 1.656435966
50 1.959405899
51 8.325742722
52 7.339603901
53 3.011881828
54 2.026732922
55 8.360396385
56 8.087128639
57 3.906930923
58 9.118811607
59 3.613861561
60 9.069307327
61 1.034653664
62 2.760396481
63 8.213861465
64 3.284158707
65 5.879208088
66 8.322772026
67 8.467327118
68 9.388118744
69 2.434653759
70 5.707921028
71 9.586138725
72 2.835643768
73 6.113861561
74 8.831683159
75 3.114851475
76 2.410891533
77 0.376237869
78 0.241584778
79 2.996039391
80 5.774257660
81 3.293069363
82 1.350495338
83 2.823762894
84 8.111881256
85 8.734653473
86 9.371287346
87 4.362376690
88 8.169306755
89 5.361386299
90 6.653465271
91 1.234653473
92 6.382178307
93 6.333663464
94 3.468317032
95 6.334653854
96 7.199009895
97 9.531682968
98 7.917821884
99 5.061386108
100 1.224752426
101 3.904950619
102 4.122772694
103 2.852475643
104 8.926733017
105 8.788118362
106 6.033663750
107 8.320792198
108 9.448514938
109 2.754455566
110 5.139604092
111 4.408911228
112 3.874257565
113 6.125742912
114 7.633663177
115 2.463366508
116 7.846534729
117 1.376237869
118 1.729702950
119 2.258416176
120 7.952475548
121 9.114851952
122 7.406930923
123 7.382178307
124 3.951485634
125 0.989109039
126 9.551485062
127 8.009901047
128 4.636633873
129 3.003961086
130 4.880198002
131 9.611881256
132 4.807920933
133 9.524752617
134 3.845544815
135 5.311881065
136 1.405941010
137 6.465346813
138 9.386138916
139 3.957426071
140 9.242574692
141 2.798020363
142 5.159406185
143 7.215841770
144 2.334653378
145 0.326733589
146 3.650495052
147 9.341584206
148 2.037624359
149 8.884158134
150 0.462376595
151 6.314851761
152 7.990098953
153 9.801980019
154 2.795049667
155 2.251485825
156 1.909901619
157 7.864356518
158 0.963366508
159 8.605940819
160 1.385149002
161 5.900000095
162 8.141584396
163 3.672277451
164 9.638613701
165 6.419802189
166 4.616831779
167 9.631683350
168 4.655445576
169 3.168316841
170 9.199009895
171 5.497029781
172 3.325743198
173 6.998020172
174 8.970296860
175 4.249505043
176 7.394059181
177 2.491089344
178 0.807921410
179 7.009901047
180 7.710891247
181 2.847525120
182 7.903960228
183 5.829703331
184 2.580198288
185 2.111881256
186 2.896039963
187 8.559406281
188 9.274257660
189 3.363366127
190 5.192079544
191 5.577228069
192 1.389109612
193 2.101980209
194 2.956436157
195 9.646534920
196 2.533663750
197 0.143564224
198 6.952475548
199 1.740594864
200 4.351485252
201 0.716832161
202 3.953465939
203 4.377227783
204 3.787128925
205 1.271286964
206 1.807921410
207 5.813861370
208 2.566336632
209 3.388119221
210 3.297029972
211 4.482178211
212 2.945544720
213 2.983168602
214 0.207921028
215 7.575247765
216 0.148515701
217 3.816832066
218 5.089108944
219 6.265346527
220 2.679208279
221 9.277227402
222 6.488119125
223 6.693069458
224 5.664356709
225 9.070297241
226 6.966336727
227 1.692079544
228 3.409901142
229 9.191089630
230 6.656435966
231 2.098020077
232 5.792079449
233 2.061386585
234 2.566336632
235 0.445544243
236 7.389108658
237 8.096039772
238 3.792079926
239 1.760396957
240 1.961386681
241 3.152475357
242 5.349504948
243 0.459406853
244 9.896039963
245 4.020792484
246 6.546535015
247 3.355445385
248 5.607920647
249 8.536633492
250 3.946534634
251 0.792079926
252 8.915842056
253 8.094058990
254 6.930693150
255 4.757426262
256 7.897029877
257 2.455445766
258 5.305940628
259 4.718811989
260 4.214851379
261 0.110891342
262 1.382178307
263 0.807921410
264 6.940594196
265 9.618811607
266 2.325742722
267 0.287129402
268 7.138613701
269 7.900990486
270 8.864356995
271 7.642574310
272 6.867326736
273 4.124752522
274 7.219801903
275 9.204950333
276 0.200990677
277 9.216832161
278 1.880198479
279 2.446535110
280 2.815842152
281 0.524753571
282 3.885148525
283 1.556435585
284 4.259406090
285 2.399010181
286 4.964356899
287 7.301980019
288 8.149504662
289 8.542573929
290 1.779208183
291 2.546535015
292 3.036633968
293 0.225743294
294 6.614851475
295 3.777227879
296 1.166337013
297 8.207921028
298 2.129703045
299 3.509901047
300 7.667326927
301 5.628713131
302 1.840594292
303 3.171287537
304 9.565346718
305 2.621782303
306 4.690099239
307 1.148515701
308 3.886138916
309 2.327723026
310 9.775247574
311 3.569306850
312 4.554455280
313 9.182178497
314 8.184158325
315 6.587128639
316 9.060396194
317 6.052475452
318 1.477228165
319 4.146534920
320 2.492079735
321 0.838613510
322 8.361386299
323 9.944554329
324 9.595049858
325 1.967327118
326 3.427722931
327 8.026732445
328 9.692079544
329 0.842574120
330 7.973267555
331 6.561386108
332 2.698020458
333 3.179208279
334 3.499010086
335 0.918812752
336 6.572277069
337 8.735643387
338 7.795049667
339 2.959406376
340 7.620792389
341 2.594059467
342 6.742574692
343 8.605940819
344 8.040594101
345 6.718811989
346 8.497030258
347 2.521782398
348 3.053465366
349 7.920792103
350 1.950494766
351 2.586138725
352 8.762376785
353 1.809901237
354 6.191089153
355 7.751485348
356 2.894059658
357 3.554455757
358 1.699999809
359 2.169307232
360 1.315841675
361 8.125742912
362 3.247524738
363 8.810891151
364 1.994059563
365 4.421782494
366 0.205941200
367 2.900990486
368 0.785148621
369 7.810891151
370 8.382178307
371 0.215842247
372 2.545545101
373 4.267326832
374 0.842574120
375 3.395050049
376 5.900000095
377 7.147524834
378 9.656435966
379 9.692079544
380 8.974257469
381 2.661386490
382 8.822772026
383 0.430693626
384 6.687129021
385 6.432673454
386 0.563366890
387 6.086138725
388 7.681188107
389 8.990098953
390 9.342574120
391 5.530693531
392 5.131683350
393 5.039604187
394 8.143564224
395 9.211881638
396 7.147524834
397 1.953465462
398 7.133663177
399 4.396039963
400 9.236633301
401 1.710891724
402 3.723762512
403 9.449504852
404 0.258416176
405 5.713861465
406 8.066336632
407 2.223762989
408 5.964356899
409 5.816832066
410 2.119801998
411 0.183168411
412 1.786139488
413 7.768317223
414 9.325742722
415 9.150495529
416 3.845544815
417 0.913861275
418 2.200000286
419 8.090099335
420 3.678217888
421 9.931683540
422 8.084157944
423 8.155445099
424 7.711881161
425 0.141584396
426 7.602970123
427 9.636633873
428 8.837623596
429 8.469306946
430 9.455445290
431 7.180198193
432 0.352476120
433 6.074257851
434 9.758416176
435 3.355445385
436 9.672277451
437 7.269307137
438 9.996039391
439 8.823762894
440 4.318812370
441 7.436634064
442 0.500989914
443 8.402970314
444 7.684158325
445 8.593069077
446 5.779208183
447 9.261385918
448 3.225742817
449 3.369307518
450 8.045544624
451 1.101980209
452 3.704950809
453 1.077228546
454 2.975247860
455 3.246534824
456 6.422772408
457 6.938613892
458 6.307920933
459 3.313861847
460 1.143564224
461 2.848515034
462 6.837624073
463 6.292078972
464 8.936634064
465 3.561386108
466 2.768317223
467 8.124752045
468 3.500990391
469 3.484158516
470 4.372277737
471 6.468317032
472 4.023762703
473 1.869307518
474 6.709900856
475 6.196039677
476 9.503960609
477 4.501980305
478 8.434653282
479 4.836634159
480 0.478218079
481 8.833662987
482 3.415842056
483 0.666337013
484 2.509901524
485 5.455445766
486 1.506931305
487 4.823762417
488 8.349505424
489 7.628713131
490 7.809901237
491 7.265346527
492 7.902970314
493 8.283168793
494 1.391089439
495 3.270297527
496 1.389109612
497 4.325742722
498 5.728713036
499 1.704951286
500 5.686138630
501 7.931683540
502 5.101980209
503 4.136633873
504 6.292078972
505 7.065346718
506 4.466336727
507 3.519802094
508 6.124752998
509 9.471286774
510 9.593069077
511 0.367326736
512 6.463366508
513 6.317821980
514 9.349504471
515 1.040594101
516 3.728713512
517 6.792079449
518 3.123762608
519 3.108911037
520 3.346534729
521 4.746534824
522 6.771286964
523 4.580197811
524 1.366336823
525 2.579208374
526 1.488119125
527 2.814851761
528 3.329703331
529 4.265347004
530 6.372277260
531 7.302970409
532 2.300000191
533 8.602970123
534 1.576237679
535 7.407920837
536 5.001980305
537 0.838613510
538 2.716832161
539 1.681188583
540 3.643564701
541 8.077227592
542 1.255445480
543 5.176238060
544 2.160396576
545 9.582178116
546 7.225742817
547 3.218812466
548 9.983168602
549 6.166337013
550 2.554455757
551 0.312871933
552 1.957426071
553 9.114851952
554 8.293069839
555 4.884159088
556 7.758416176
557 5.112871647
558 6.379208088
559 4.557425976
560 6.085148811
561 4.230693340
562 9.424752235
563 8.112871170
564 2.614851952
565 3.686138630
566 6.508911133
567 5.222772121
568 9.238614082
569 2.808910847
570 6.533663273
571 7.653465271
572 1.654455185
573 3.322772503
574 6.975247383
575 6.457426071
576 1.888118744
577 6.565346718
578 8.064356804
579 8.374257088
580 0.339604378
581 3.288119316
582 0.794059753
583 0.730693817
584 1.908911705
585 8.478218079
586 3.103960514
587 8.085148811
588 8.276237488
589 9.672277451
590 3.443564415
591 4.727723122
592 6.291089058
593 8.947525024
594 9.655445099
595 4.563366413
596 7.731683254
597 8.722772598
598 0.941584587
599 5.666336536
600 0.950495720
601 6.774257660
602 9.357425690
603 8.193069458
604 8.639603615
605 8.411881447
606 3.246534824
607 3.396039963
608 1.656435966
609 8.880198479
610 7.437623978
611 7.363366127
612 0.676238060
613 8.064356804
614 6.765346527
615 1.922772408
616 8.973267555
617 8.174257278
618 6.083168507
619 6.514851570
620 8.984158516
621 9.271286964
622 6.122772217
623 8.204950333
624 7.561386108
625 8.291089058
626 0.699009895
627 9.307920456
628 7.835643768
629 8.185148239
630 4.624752998
631 1.851485252
632 6.995049477
633 5.994059563
634 7.908910751
635 0.135643959
636 2.365346909
637 2.729702950
638 5.273267269
639 9.904950142
640 1.112872124
641 6.136633873
642 2.530693054
643 9.352475166
644 5.088119030
645 6.487129211
646 7.625742912
647 7.946535110
648 8.948514938
649 9.186138153
650 2.353465557
651 9.740593910
652 6.107921124
653 3.785148621
654 6.093069553
655 1.081188202
656 9.990098953
657 0.427722931
658 1.418812752
659 5.479207993
660 4.746534824
661 6.642574310
662 2.897030354
663 7.112871170
664 7.295049667
665 3.094059944
666 9.822772026
667 9.597029686
668 1.929703712
669 2.817821980
670 9.230692863
671 7.872277260
672 9.624752045
673 3.386138916
674 5.853465557
675 9.370297432
676 4.985148430
677 4.645544529
678 5.024752617
679 3.478218079
680 8.325742722
681 0.390099525
682 8.346534729
683 2.700000763
684 4.760396004
685 4.952475548
686 8.445545197
687 7.797029495
688 8.005940437
689 8.273267746
690 9.741583824
691 5.493069649
692 3.677227974
693 1.804950714
694 4.412871361
695 7.169306755
696 6.879207611
697 4.572277069
698 6.215841770
699 0.731683731
700 2.871287346
701 4.048515320
702 3.842574596
703 3.817822456
704 2.268317223
705 6.219801903
706 8.982178688
707 6.445544720
708 7.818811893
709 8.927722931
710 4.725742817
711 7.724752426
712 3.514852047
713 1.497030258
714 7.991089344
715 4.621782303
716 0.807921410
717 0.599010468
718 1.993069649
719 7.050495148
720 4.090099335
721 9.119802475
722 6.481188297
723 4.888118744
724 1.675248146
725 7.070297241
726 1.548515320
727 2.472277641
728 3.441584587
729 6.492079735
730 0.785148621
731 4.904950619
732 2.459405899
733 9.244554520
734 2.221782684
735 9.089109421
736 6.185148239
737 8.719801903
738 8.923762321
739 0.856435776
740 0.227723122
741 7.296039581
742 9.929702759
743 5.123762608
744 0.651485443
745 1.979207993
746 4.956435680
747 7.362376213
748 9.979207993
749 6.881188393
750 3.280198574
751 0.498020172
752 3.287128925
753 6.678217888
754 6.503960609
755 3.197030067
756 4.672277451
757 0.942574501
758 4.510890961
759 1.044554710
760 2.729702950
761 4.382178783
762 9.815841675
763 8.574257851
764 6.850495338
765 7.216832161
766 2.872277260
767 7.424752235
768 7.066336632
769 4.427723408
770 5.960396290
771 8.448514938
772 7.437623978
773 6.732673645
774 3.734653950
775 2.000990391
776 9.504950523
777 3.417821884
778 7.265346527
779 8.441583633
780 6.312871456
781 5.062376499
782 9.823761940
783 1.787129402
784 3.304950714
785 9.611881256
786 9.228713036
787 8.361386299
788 0.528713226
789 2.903960705
790 7.225742817
791 3.100000381
792 7.563366413
793 0.387128830
794 0.624752998
795 4.937624454
796 5.798019886
797 6.872277260
798 2.328712940
799 2.778218269
800 7.481188297
801 6.150495052
802 8.549505234
803 9.460395813
804 4.158416271
805 1.282178879
806 7.950495243
807 5.098020077
808 9.967327118
809 1.369307518
810 0.337623596
811 6.632673264
812 0.766337395
813 4.737624168
814 5.605940819
815 2.436634064
816 9.903960228
817 2.427722931
818 1.374258041
819 2.621782303
820 3.048515320
821 0.286138535
822 4.394059658
823 6.523762703
824 1.862376213
825 3.273267269
826 3.691089630
827 8.242574692
828 3.430693150
829 3.104950428
830 3.389109612
831 3.934653759
832 8.151485443
833 9.103960037
834 9.698019981
835 5.187129021
836 6.431683540
837 9.499010086
838 2.814851761
839 3.443564415
840 8.707921028
841 5.166337013
842 3.646534920
843 6.374257565
844 3.281188488
845 0.410891533
846 9.496039391
847 5.953465462
848 1.709900856
849 2.616832256
850 2.040594101
851 3.582178593
852 5.222772121
853 8.752475739
854 4.134653568
855 4.132673264
856 1.807921410
857 1.472277641
858 6.012871742
859 4.293069839
860 2.861386776
861 3.749505043
862 9.623762131
863 1.967327118
864 7.949504852
865 4.145544529
866 1.282178879
867 2.585148811
868 6.739603996
869 3.478218079
870 8.941584587
871 0.800991058
872 6.135643482
873 2.134654045
874 4.161386013
875 8.944554329
876 7.399009705
877 0.603960991
878 7.025742531
879 0.876237869
880 9.410891533
881 0.767326355
882 6.651485443
883 3.140594006
884 8.927722931
885 9.076237679
886 2.700990200
887 0.730693817
888 0.860396385
889 9.831683159
890 4.431683540
891 4.355445862
892 6.191089153
893 7.037623882
894 8.324752808
895 5.420792103
896 2.823762894
897 5.216832161
898 3.148514748
899 5.454455853
900 6.451485634
901 0.701980591
902 3.706931114
903 1.345544815
904 5.222772121
905 7.691089153
906 1.438613892
907 4.231683254
908 8.392079353
909 8.648514748
910 7.045544624
911 3.114851475
912 6.860395908
913 5.067327023
914 6.157425880
915 8.764356613
916 7.867326736
917 7.614851952
918 9.762375832
919 4.283168793
920 8.760396004
921 0.321782112
922 0.141584396
923 3.893069267
924 1.861386299
925 4.345544815
926 4.614851952
927 7.874257565
928 3.931683540
929 9.259406090
930 1.566336632
931 0.714851379
932 5.923762798
933 9.048515320
934 9.274257660
935 8.600000381
936 8.761385918
937 9.758416176
938 1.054455757
939 0.429703712
940 3.260396481
941 3.961386681
942 1.050495148
943 6.457426071
944 5.664356709
945 7.776237488
946 0.278218269
947 9.369306564
948 1.893070221
949 2.200000286
950 8.806930542
951 2.300000191
952 7.040594101
953 6.517821789
954 4.177228451
955 6.778218269
956 9.745544434
957 2.730693340
958 4.391089439
959 4.991089344
960 3.526732922
961 3.854455948
962 8.032672882
963 1.823762894
964 4.498020172
965 2.584158421
966 7.315841675
967 6.704950333
968 5.052475452
969 2.878218174
970 4.112871647
971 6.989109039
972 5.048514843
973 8.600000381
974 2.185148716
975 6.776237488
976 7.348514557
977 0.619802475
978 6.800990105
979 3.358416080
980 9.636633873
981 9.686138153
982 1.157425880
983 4.176238060
984 0.670297623
985 3.729702950
986 2.226732731
987 5.493069649
988 9.100990295
989 6.806930542
990 7.172277451
991 5.497029781
992 7.994059563
993 4.671287060
994 0.467327118
995 8.107920647
996 5.987129211
997 5.169307232
998 1.745544434
999 6.099010468
1000 0.349505424
1001 0.857425690
1002 3.429703236
1003 2.166337013
1004 3.241584301
1005 2.578217983
1006 8.982178688
1007 2.031683445
1008 7.176238060
1009 1.742574692
1010 4.452475548
1011 3.622772217
1012 9.120792389
1013 5.955445766
1014 4.296039581
1015 5.412871361
1016 4.341584206
1017 4.660396576
1018 4.131683826
1019 9.156435966
1020 5.128713131
1021 7.174257278
1022 8.836633682
1023 2.074257374
1024 2.072277546
1025 9.786138535
1026 7.304950714
1027 0.342575073
1028 4.964356899
1029 1.364356995
1030 5.483168602
1031 3.326733112
1032 0.724752426
1033 4.321782112
1034 8.817821503
1035 0.659406662
1036 4.443564892
1037 4.136633873
1038 3.692079544
1039 0.502970695
1040 9.058416367
1041 6.207921028
1042 2.670297623
1043 8.325742722
1044 9.796039581
1045 2.377228260
1046 8.449504852
1047 5.267326832
1048 5.608911037
1049 7.758416176
1050 2.617822170
1051 7.269307137
1052 7.503960609
1053 7.373267174
1054 4.964356899
1055 5.954455853
1056 8.249505043
1057 4.094059944
1058 8.015841484
1059 0.159405708
1060 0.470297813
1061 6.803960800
1062 9.682178497
1063 1.432673454
1064 4.916831970
1065 0.715842247
1066 0.327723503
1067 7.441584587
1068 8.755445480
1069 7.603960514
1070 1.787129402
1071 5.397029877
1072 3.489109039
1073 8.544554710
1074 9.762375832
1075 5.905941010
1076 0.298020363
1077 0.717822075
1078 5.696039677
1079 3.414852142
1080 7.235643864
1081 9.265346527
1082 1.920792580
1083 4.300000191
1084 6.755445480
1085 6.829703331
1086 5.627722740
1087 2.422772884
1088 6.492079735
1089 4.399010181
1090 0.141584396
1091 3.483168602
1092 7.594059467
1093 9.386138916
1094 6.271286964
1095 9.367326736
1096 2.657425880
1097 6.649505138
1098 1.967327118
1099 7.273267269
1100 2.622772694
1101 9.272276878
1102 4.124752522
1103 4.955445766
1104 7.737624168
1105 9.899999619
1106 4.273267746
1107 8.601980209
1108 2.362376213
1109 3.040594101
1110 5.945544720
1111 9.849505424
1112 0.237624168
1113 6.557425499
1114 6.216831684
1115 9.309901237
1116 0.630693436
1117 2.522772312
1118 6.290099144
1119 9.629702568
1120 7.362376213
1121 6.092079163
1122 2.633663654
1123 9.162376404
1124 3.548515320
1125 5.539604187
1126 3.338613987
1127 7.392079353
1128 0.557426453
1129 5.751485348
1130 9.650495529
1131 0.477228165
1132 9.405941010
1133 6.807920933
1134 0.768317223
1135 9.303960800
1136 0.370297432
1137 0.985148430
1138 5.960396290
1139 7.358415604
1140 5.342574596
1141 7.296039581
1142 4.493069172
1143 8.619802475
1144 5.149505138
1145 9.116831779
1146 8.647524834
1147 8.397029877
1148 2.917821884
1149 4.375247478
1150 0.442574501
1151 2.722772598
1152 8.599010468
1153 9.517822266
1154 1.939603806
1155 0.238614082
1156 1.394059181
1157 7.380198002
1158 4.263366699
1159 1.473267555
1160 3.377228260
1161 0.912871361
1162 4.921782017
1163 8.429702759
1164 6.365346909
1165 0.920792580
1166 6.771286964
1167 9.187129021
1168 6.528713226
1169 1.673267365
1170 7.564356804
1171 9.760396004
1172 1.989109039
1173 7.318811893
1174 8.386138916
1175 2.323762894
1176 5.472277641
1177 0.600990295
1178 0.628713608
1179 1.559406281
1180 6.593069077
1181 8.294059753
1182 7.642574310
1183 5.099009991
1184 8.834653854
1185 4.579208374
1186 1.506931305
1187 7.766336441
1188 6.018812180
1189 2.030693054
1190 8.786138535
1191 2.410891533
1192 8.542573929
1193 1.646534920
1194 7.791089058
1195 1.515842438
1196 6.604950905
1197 9.671287537
1198 6.593069077
1199 4.594059467
1200 7.164356709
1201 3.272277832
1202 6.179207802
1203 3.771287441
1204 3.840594292
1205 1.653465271
1206 2.902970791
1207 4.472277641
1208 9.812870979
1209 9.219801903
1210 9.295049667
1211 7.100990295
1212 0.873268127
1213 0.583168983
1214 4.205940723
1215 1.569307327
1216 3.780198574
1217 2.117822170
1218 9.132673264
1219 0.236634254
1220 8.652475357
1221 7.689108849
1222 7.523762703
1223 0.546534538
1224 6.144554138
1225 7.027722836
1226 4.096040249
1227 3.616831779
1228 0.743564606
1229 4.663366318
1230 6.934653282
1231 8.572277069
1232 3.921782494
1233 9.195049286
1234 0.508911133
1235 6.638613701
1236 7.106930733
1237 7.275247574
1238 8.209900856
1239 7.524752617
1240 7.875247478
1241 9.327722549
1242 7.812870979
1243 6.648514748
1244 9.149504662
1245 3.033663273
1246 5.752475262
1247 9.802969933
1248 9.842574120
1249 2.533663750
1250 5.601980686
1251 8.463366508
1252 2.255445957
1253 7.662376404
1254 8.921782494
1255 6.437623978
1256 4.224752426
1257 7.364356518
1258 2.753465652
1259 7.423762321
1260 5.344554424
1261 8.375247955
1262 0.962376595
1263 1.073267937
1264 2.680198669
1265 2.519802570
1266 4.585148811
1267 1.672277451
1268 8.654455185
1269 1.856435776
1270 3.979208469
1271 7.697030067
1272 0.751485825
1273 8.259406090
1274 5.067327023
1275 1.211881638
1276 8.712871552
1277 8.033663750
1278 7.207921028
1279 2.803960800
1280 6.391089439
1281 1.281188011
1282 0.262376785
1283 2.369307041
1284 8.475247383
1285 6.431683540
1286 7.891089439
1287 3.032673359
1288 3.487129211
1289 7.813861370
1290 3.795049667
1291 1.391089439
1292 7.924752235
1293 5.648514748
1294 5.161386490
1295 4.806931019
1296 7.471287251
1297 2.643564701
1298 1.605940819
1299 0.395050049
1300 9.823761940
1301 8.454455376
1302 7.514851570
1303 7.110891342
1304 5.816832066
1305 6.253465652
1306 8.218811989
1307 7.366336823
1308 1.126732826
1309 8.269307137
1310 4.270297050
1311 7.903960228
1312 9.473267555
1313 9.255445480
1314 5.149505138
1315 3.703960419
1316 5.599999905
1317 3.288119316
1318 0.115841866
1319 0.650495529
1320 4.461386681
1321 3.099009991
1322 3.375247955
1323 6.000990391
1324 8.705940247
1325 9.656435966
1326 7.089108944
1327 9.384158134
1328 3.419802189
1329 3.139604092
1330 7.153465271
1331 8.422772408
1332 1.040594101
1333 8.080198288
1334 2.783168316
1335 4.486138821
1336 5.081188202
1337 1.341584206
1338 3.490098953
1339 6.084158897
1340 1.251484871
1341 7.698019981
1342 6.059406281
1343 7.766336441
1344 9.076237679
1345 8.195049286
1346 4.204950333
1347 9.108910561
1348 3.348515034
1349 6.051485062
1350 6.271286964
1351 4.544554234
1352 5.822772503
1353 8.873267174
1354 7.488119125
1355 6.726732731
1356 8.566336632
1357 6.911881447
1358 9.394059181
1359 0.420792580
1360 6.842574120
1361 2.530693054
1362 8.719801903
1363 0.181188583
1364 1.415842056
1365 2.918812275
1366 8.638613701
1367 8.861386299
1368 8.404951096
1369 8.074257851
1370 4.003960609
1371 3.800000668
1372 1.469306946
1373 7.833663464
1374 7.082178116
1375 6.942574501
1376 2.163366318
1377 7.922772408
1378 8.270297050
1379 0.494059563
1380 0.527723312
1381 0.295049667
1382 9.279208183
1383 4.996039867
1384 1.659406662
1385 7.812870979
1386 2.271286964
1387 4.011881351
1388 7.369307041
1389 4.027722836
1390 3.929703236
1391 2.476238251
1392 5.249505043
1393 7.630693436
1394 3.636633873
1395 0.849505424
1396 9.247525215
1397 7.020792007
1398 5.110891342
1399 1.662376404
1400 3.998020172
1401 9.693069458
1402 3.022772312
1403 8.204950333
1404 1.968317032
1405 7.742574692
1406 0.951485634
1407 7.655445576
1408 3.648515224
1409 0.670297623
1410 1.170296669
1411 9.448514938
1412 2.082178593
1413 9.822772026
1414 4.406930923
1415 4.275248051
1416 5.678217888
1417 2.927722931
1418 5.169307232
1419 5.635643482
1420 6.706931114
1421 0.757426262
1422 0.381188393
1423 2.598020077
1424 1.360396385
1425 3.246534824
1426 0.748515129
1427 7.156435966
1428 6.433663368
1429 8.855445862
1430 3.778217793
1431 4.333663464
1432 6.852475166
1433 2.619801998
1434 8.063365936
1435 1.284158707
1436 0.258416176
1437 5.121782303
1438 6.268317223
1439 5.393069267
1440 1.310891151
1441 5.091089249
1442 5.197030067
1443 9.413861275
1444 7.534653664
1445 6.492079735
1446 3.084158897
1447 7.810891151
1448 9.936634064
1449 9.931683540
1450 3.867326736
1451 1.901980400
1452 7.158415794
1453 9.796039581
1454 4.796039581
1455 8.049505234
1456 0.457426071
1457 5.016831875
1458 1.681188583
1459 4.443564892
1460 4.630693436
1461 8.755445480
1462 6.022772789
1463 5.216832161
1464 7.562376022
1465 8.620792389
1466 4.036633968
1467 7.542574406
1468 2.733663559
1469 3.452475071
1470 5.552475452
1471 6.553465366
1472 8.038614273
1473 6.854455948
1474 2.980198383
1475 0.371287346
1476 7.160396099
1477 7.544554710
1478 0.458415985
1479 0.579208374
1480 6.313861847
1481 9.891089439
1482 7.463366508
1483 3.093070030
1484 5.546535015
1485 2.866336823
1486 5.866336823
1487 1.225742340
1488 7.645544529
1489 8.245544434
1490 2.513861656
1491 6.258416176
1492 6.252475262
1493 5.684158325
1494 9.586138725
1495 5.718811989
1496 4.778217793
1497 2.172277451
1498 9.909900665
1499 4.314851761
1500 9.286138535
1501 3.770297527
1502 4.642574787
1503 0.897029877
1504 9.582178116
1505 3.739603996
1506 4.049505234
1507 7.768317223
1508 1.197030067
1509 3.565346718
1510 6.768317223
1511 2.084158421
1512 7.385148525
1513 0.388119698
1514 7.935643673
1515 3.691089630
1516 0.421782494
1517 3.160396099
1518 8.445545197
1519 6.208910942
1520 1.965347290
1521 7.698019981
1522 6.425743103
1523 7.601980209
1524 2.797029972
1525 1.648514748
1526 8.572277069
1527 2.174257755
1528 9.612871170
1529 3.965346813
1530 2.246534824
1531 3.226733208
1532 4.482178211
1533 2.995049953
1534 0.251485825
1535 5.558415890
1536 6.901980400
1537 4.556435585
1538 2.486138821
1539 6.059406281
1540 7.593069553
1541 7.980197906
1542 6.067327023
1543 9.704950333
1544 0.257426262
1545 8.170297623
1546 8.776237488
1547 2.168317318
1548 9.122772217
1549 2.798020363
1550 6.596039772
1551 7.899009705
1552 6.296039581
1553 4.762376308
1554 8.301980019
1555 0.315841675
1556 0.136633873
1557 1.693069458
1558 9.432673454
1559 0.162376404
1560 3.299010277
1561 4.460396290
1562 9.793068886
1563 1.172277451
1564 8.731683731
1565 5.502970695
1566 9.670296669
1567 7.316831589
1568 0.777227402
1569 0.524753571
1570 2.214851856
1571 0.652475357
1572 2.011881351
1573 2.068316936
1574 8.475247383
1575 5.851485252
1576 2.634654045
1577 7.206931114
1578 6.257425785
1579 2.666336536
1580 8.372277260
1581 9.583168030
1582 1.234653473
1583 3.184158325
1584 2.063366890
1585 7.442574501
1586 2.971287251
1587 8.860396385
1588 0.387128830
1589 1.262376785
1590 5.077228069
1591 5.681188107
1592 4.821782112
1593 3.476237774
1594 7.921782494
1595 5.124752522
1596 1.828713417
1597 4.397029877
1598 4.205940723
1599 3.266336918
1600 2.783168316
1601 9.280198097
1602 1.610891342
1603 0.951485634
1604 5.863366604
1605 8.083168030
1606 2.339604378
1607 7.465346336
1608 7.826732635
1609 5.039604187
1610 8.164356232
1611 0.679207802
1612 0.836634636
1613 1.919802666
1614 5.027722836
1615 0.937623978
1616 5.702970505
1617 3.408910751
1618 7.746534824
1619 9.452475548
1620 1.904950142
1621 1.588119507
1622 1.837624550
1623 9.756435394
1624 8.775247574
1625 1.967327118
1626 7.129703045
1627 8.997029305
1628 4.899010181
1629 5.724752426
1630 9.853465080
1631 2.492079735
1632 1.773267746
1633 8.323762894
1634 3.403960705
1635 4.969306946
1636 9.841584206
1637 6.231683254
1638 6.486138821
1639 9.359405518
1640 8.966337204
1641 7.006930828
1642 6.835643768
1643 2.851485729
1644 3.556436062
1645 5.264356613
1646 8.876237869
1647 3.295049667
1648 6.515841484
1649 6.749505043
1650 6.360396385
1651 9.258416176
1652 7.521782398
1653 1.452475548
1654 4.077228069
1655 5.504950523
1656 5.177163343
